0,1,125
1,0,125
1,2,256
1,3,242
2,1,256
2,3,99
2,7,278
3,1,242
3,2,99
3,4,335
4,3,335
4,5,403
4,6,251
4,14,193
4,12,395
4,11,325
5,4,403
6,4,251
6,7,150
6,8,191
7,2,278
7,6,150
7,8,241
8,7,241
8,6,191
8,9,349
9,8,349
9,10,100
9,11,296
10,9,100
11,9,296
11,4,325
11,12,324
12,11,324
12,4,395
12,14,280
12,13,304
13,12,304
14,4,193
14,12,280
14,15,455
14,16,356
15,14,455
15,16,171
16,15,171
16,14,356